0711.1502
0812.4127
0909.3986
1009.4745
1010.2802
1012.0118
1110.1702
1111.6201
1203.4848
1204.3201
1204.4303
1205.4950
1405.6919
1406.5617
1506.04558
1508.06598
1510.08147
1708.04448
1801.00048
1805.10375
1901.08537
1907.04456
1908.10660
1910.02279
1910.12396
2002.11971
2003.02472
2003.09193
2006.06032
2102.04790
2106.02793
2107.03472
2202.06380
2208.07194
2209.00936
2209.05932
2210.02121
2302.03758
2303.15299
2303.17962
2305.04517
2305.10857
2312.00695
astro-ph/0602322
astro-ph/9702061
cond-mat/0608622
cond-mat/9803247
hep-th/0103069
math/9902027
quant-ph/0210133
